D =

   23.0000   12.0000   36.0000    1.0000
         0   13.6957   -6.9130    4.3913
   33.0000   18.0000   24.0000    7.0000

D =

   23.0000   12.0000   36.0000    1.0000
         0   13.6957   -6.9130    4.3913
         0    0.7826  -27.6522    5.5652

D =

   23.0000   12.0000   36.0000    1.0000
         0   13.6957   -6.9130    4.3913
         0         0  -27.2571    5.3143

D =

   1.0000   0.5217   1.5652   0.0435
        0   1.0000  -0.5048   0.3206
        0        0   1.0000  -0.1950

D =

   1.0000   0.5217   1.5652   0.0435
        0   1.0000        0   0.2222
        0        0   1.0000  -0.1950

D =

   1.0000   0.5217        0   0.3486
        0   1.0000        0   0.2222
        0        0   1.0000  -0.1950

D =

   1.0000        0        0   0.2327
        0   1.0000        0   0.2222
        0        0   1.0000  -0.1950
